[   0.  223.],[  15.  224.],[  30.  224.],[  45.  223.],[  60.  221.],[  75.  220.],[  90.  220.],[ 105.  220.],[ 120.  220.],[ 135.  219.],[ 150.  219.],[ 165.  217.],[ 180.  216.],[ 195.  216.],[ 210.  217.],[ 225.  216.],[ 240.  214.],[ 255.  213.],[ 270.  213.],[ 285.  213.],[ 300.  212.],[ 315.  212.],[ 330.  212.],[ 345.  210.],
[   0.  231.],[  15.  230.],[  30.  230.],[  45.  229.],[  60.  229.],[  75.  228.],[  90.  228.],[ 105.  227.],[ 120.  225.],[ 135.  225.],[ 150.  226.],[ 165.  225.],[ 180.  224.],[ 195.  223.],[ 210.  223.],[ 225.  222.],[ 240.  221.],[ 255.  221.],[ 270.  221.],[ 285.  220.],[ 300.  218.],[ 315.  217.],[ 330.  217.],[ 345.  217.],
[   0.  218.],[  15.  218.],[  30.  218.],[  45.  217.],[  60.  215.],[  75.  214.],[  90.  214.],[ 105.  213.],[ 120.  212.],[ 135.  212.],[ 150.  211.],[ 165.  209.],[ 180.  208.],[ 195.  207.],[ 210.  208.],[ 225.  207.],[ 240.  205.],[ 255.  204.],[ 270.  203.],[ 285.  203.],[ 300.  202.],[ 315.  201.],[ 330.  201.],[ 345.  199.],
[   0.  199.],[  15.  198.],[  30.  197.],[  45.  197.],[  60.  196.],[  75.  195.],[  90.  195.],[ 105.  193.],[ 120.  191.],[ 135.  190.],[ 150.  191.],[ 165.  190.],[ 180.  188.],[ 195.  187.],[ 210.  187.],[ 225.  185.],[ 240.  184.],[ 255.  184.],[ 270.  184.],[ 285.  183.],[ 300.  181.],[ 315.  180.],[ 330.  180.],[ 345.  179.],
[   0.  178.],[  15.  177.],[  30.  177.],[  45.  176.],[  60.  174.],[  75.  173.],[  90.  173.],[ 105.  172.],[ 120.  171.],[ 135.  170.],[ 150.  169.],[ 165.  168.],[ 180.  166.],[ 195.  166.],[ 210.  167.],[ 225.  165.],[ 240.  164.],[ 255.  162.],[ 270.  162.],[ 285.  160.],[ 300.  160.],[ 315.  159.],[ 330.  159.],[ 345.  157.],
[   0.  157.],[  15.  155.],[  30.  154.],[  45.  154.],[  60.  153.],[  75.  153.],[  90.  152.],[ 105.  151.],[ 120.  149.],[ 135.  148.],[ 150.  149.],[ 165.  148.],[ 180.  146.],[ 195.  145.],[ 210.  144.],[ 225.  143.],[ 240.  142.],[ 255.  142.],[ 270.  142.],[ 285.  140.],[ 300.  138.],[ 315.  137.],[ 330.  137.],[ 345.  136.],
[   0.  136.],[  15.  135.],[  30.  135.],[  45.  134.],[  60.  131.],[  75.  130.],[  90.  130.],[ 105.  130.],[ 120.  129.],[ 135.  128.],[ 150.  127.],[ 165.  126.],[ 180.  124.],[ 195.  124.],[ 210.  125.],[ 225.  124.],[ 240.  122.],[ 255.  120.],[ 270.  120.],[ 285.  119.],[ 300.  118.],[ 315.  118.],[ 330.  118.],[ 345.  116.],
[   0.  117.],[  15.  116.],[  30.  116.],[  45.  115.],[  60.  115.],[  75.  114.],[  90.  114.],[ 105.  112.],[ 120.  111.],[ 135.  110.],[ 150.  111.],[ 165.  111.],[ 180.  109.],[ 195.  108.],[ 210.  108.],[ 225.  107.],[ 240.  106.],[ 255.  106.],[ 270.  107.],[ 285.  105.],[ 300.  103.],[ 315.  103.],[ 330.  103.],[ 345.  102.],
[   0.  104.],[  15.  104.],[  30.  104.],[  45.  103.],[  60.  101.],[  75.  100.],[  90.  101.],[ 105.  100.],[ 120.  100.],[ 135.   99.],[ 150.   99.],[ 165.   98.],[ 180.   96.],[ 195.   96.],[ 210.   97.],[ 225.   97.],[ 240.   95.],[ 255.   94.],[ 270.   94.],[ 285.   93.],[ 300.   92.],[ 315.   92.],[ 330.   92.],[ 345.   91.],
[  0.  93.],[ 15.  92.],[ 30.  92.],[ 45.  91.],[ 60.  90.],[ 75.  90.],[ 90.  90.],[ 105.   89.],[ 120.   87.],[ 135.   87.],[ 150.   87.],[ 165.   87.],[ 180.   86.],[ 195.   85.],[ 210.   84.],[ 225.   83.],[ 240.   82.],[ 255.   82.],[ 270.   82.],[ 285.   81.],[ 300.   80.],[ 315.   78.],[ 330.   79.],[ 345.   78.],
[  0.  80.],[ 15.  80.],[ 30.  81.],[ 45.  80.],[ 60.  78.],[ 75.  77.],[ 90.  77.],[ 105.   77.],[ 120.   76.],[ 135.   76.],[ 150.   76.],[ 165.   74.],[ 180.   73.],[ 195.   72.],[ 210.   73.],[ 225.   72.],[ 240.   71.],[ 255.   70.],[ 270.   70.],[ 285.   68.],[ 300.   68.],[ 315.   68.],[ 330.   68.],[ 345.   67.],
[  0.  70.],[ 15.  69.],[ 30.  69.],[ 45.  68.],[ 60.  67.],[ 75.  67.],[ 90.  68.],[ 105.   67.],[ 120.   65.],[ 135.   64.],[ 150.   64.],[ 165.   64.],[ 180.   63.],[ 195.   63.],[ 210.   62.],[ 225.   61.],[ 240.   60.],[ 255.   60.],[ 270.   60.],[ 285.   60.],[ 300.   59.],[ 315.   58.],[ 330.   58.],[ 345.   57.],
[  0.  60.],[ 15.  60.],[ 30.  61.],[ 45.  60.],[ 60.  59.],[ 75.  58.],[ 90.  58.],[ 105.   57.],[ 120.   57.],[ 135.   57.],[ 150.   57.],[ 165.   56.],[ 180.   54.],[ 195.   54.],[ 210.   54.],[ 225.   54.],[ 240.   53.],[ 255.   53.],[ 270.   52.],[ 285.   51.],[ 300.   50.],[ 315.   50.],[ 330.   51.],[ 345.   51.],
[  0.  53.],[ 15.  52.],[ 30.  51.],[ 45.  50.],[ 60.  50.],[ 75.  50.],[ 90.  51.],[ 105.   50.],[ 120.   48.],[ 135.   47.],[ 150.   47.],[ 165.   47.],[ 180.   46.],[ 195.   46.],[ 210.   46.],[ 225.   45.],[ 240.   43.],[ 255.   43.],[ 270.   43.],[ 285.   43.],[ 300.   42.],[ 315.   41.],[ 330.   41.],[ 345.   40.],
[  0.  43.],[ 15.  43.],[ 30.  43.],[ 45.  43.],[ 60.  43.],[ 75.  41.],[ 90.  41.],[ 105.   39.],[ 120.   39.],[ 135.   39.],[ 150.   40.],[ 165.   39.],[ 180.   37.],[ 195.   36.],[ 210.   36.],[ 225.   36.],[ 240.   36.],[ 255.   36.],[ 270.   35.],[ 285.   34.],[ 300.   32.],[ 315.   32.],[ 330.   33.],[ 345.   33.],
[  0.  36.],[ 15.  36.],[ 30.  36.],[ 45.  35.],[ 60.  34.],[ 75.  34.],[ 90.  34.],[ 105.   34.],[ 120.   33.],[ 135.   32.],[ 150.   31.],[ 165.   30.],[ 180.   30.],[ 195.   31.],[ 210.   31.],[ 225.   30.],[ 240.   28.],[ 255.   28.],[ 270.   28.],[ 285.   29.],[ 300.   28.],[ 315.   28.],[ 330.   27.],[ 345.   26.],
[  0.  30.],[ 15.  29.],[ 30.  30.],[ 45.  30.],[ 60.  29.],[ 75.  29.],[ 90.  29.],[ 105.   27.],[ 120.   26.],[ 135.   27.],[ 150.   28.],[ 165.   27.],[ 180.   26.],[ 195.   25.],[ 210.   25.],[ 225.   25.],[ 240.   25.],[ 255.   25.],[ 270.   25.],[ 285.   24.],[ 300.   23.],[ 315.   22.],[ 330.   23.],[ 345.   24.],
[  0.  27.],[ 15.  27.],[ 30.  27.],[ 45.  26.],[ 60.  24.],[ 75.  24.],[ 90.  25.],[ 105.   25.],[ 120.   24.],[ 135.   23.],[ 150.   23.],[ 165.   22.],[ 180.   22.],[ 195.   22.],[ 210.   23.],[ 225.   22.],[ 240.   21.],[ 255.   20.],[ 270.   20.],[ 285.   20.],[ 300.   20.],[ 315.   20.],[ 330.   20.],[ 345.   20.],
[  0.  24.],[ 15.  22.],[ 30.  23.],[ 45.  23.],[ 60.  22.],[ 75.  22.],[ 90.  22.],[ 105.   21.],[ 120.   20.],[ 135.   20.],[ 150.   21.],[ 165.   21.],[ 180.   19.],[ 195.   18.],[ 210.   18.],[ 225.   18.],[ 240.   18.],[ 255.   18.],[ 270.   19.],[ 285.   18.],[ 300.   17.],[ 315.   16.],[ 330.   17.],[ 345.   17.],
[  0.  21.],[ 15.  21.],[ 30.  22.],[ 45.  21.],[ 60.  19.],[ 75.  19.],[ 90.  19.],[ 105.   20.],[ 120.   19.],[ 135.   19.],[ 150.   19.],[ 165.   18.],[ 180.   17.],[ 195.   17.],[ 210.   18.],[ 225.   18.],[ 240.   17.],[ 255.   16.],[ 270.   16.],[ 285.   16.],[ 300.   16.],[ 315.   16.],[ 330.   16.],[ 345.   15.],
[  0.  20.],[ 15.  19.],[ 30.  19.],[ 45.  18.],[ 60.  18.],[ 75.  18.],[ 90.  19.],[ 105.   18.],[ 120.   16.],[ 135.   16.],[ 150.   16.],[ 165.   16.],[ 180.   16.],[ 195.   15.],[ 210.   15.],[ 225.   15.],[ 240.   14.],[ 255.   15.],[ 270.   16.],[ 285.   15.],[ 300.   14.],[ 315.   13.],[ 330.   14.],[ 345.   14.],
[  0.  18.],[ 15.  18.],[ 30.  19.],[ 45.  18.],[ 60.  17.],[ 75.  17.],[ 90.  17.],[ 105.   17.],[ 120.   17.],[ 135.   17.],[ 150.   17.],[ 165.   16.],[ 180.   15.],[ 195.   15.],[ 210.   16.],[ 225.   16.],[ 240.   16.],[ 255.   15.],[ 270.   15.],[ 285.   14.],[ 300.   14.],[ 315.   14.],[ 330.   15.],[ 345.   15.],
[  0.  19.],[ 15.  18.],[ 30.  18.],[ 45.  17.],[ 60.  17.],[ 75.  17.],[ 90.  18.],[ 105.   18.],[ 120.   16.],[ 135.   16.],[ 150.   16.],[ 165.   17.],[ 180.   16.],[ 195.   16.],[ 210.   16.],[ 225.   15.],[ 240.   14.],[ 255.   14.],[ 270.   16.],[ 285.   15.],[ 300.   14.],[ 315.   14.],[ 330.   14.],[ 345.   14.],
[  0.  18.],[ 15.  18.],[ 30.  19.],[ 45.  19.],[ 60.  18.],[ 75.  17.],[ 90.  17.],[ 105.   17.],[ 120.   17.],[ 135.   17.],[ 150.   17.],[ 165.   17.],[ 180.   14.],[ 195.   14.],[ 210.   15.],[ 225.   15.],[ 240.   15.],[ 255.   15.],[ 270.   15.],[ 285.   13.],[ 300.   13.],[ 315.   13.],[ 330.   15.],[ 345.   15.],
[  0.  19.],[ 15.  19.],[ 30.  18.],[ 45.  17.],[ 60.  17.],[ 75.  17.],[ 90.  19.],[ 105.   18.],[ 120.   17.],[ 135.   16.],[ 150.   16.],[ 165.   16.],[ 180.   16.],[ 195.   16.],[ 210.   16.],[ 225.   15.],[ 240.   14.],[ 255.   13.],[ 270.   15.],[ 285.   15.],[ 300.   15.],[ 315.   14.],[ 330.   14.],[ 345.   13.],
[  0.  17.],[ 15.  17.],[ 30.  18.],[ 45.  18.],[ 60.  17.],[ 75.  17.],[ 90.  17.],[ 105.   16.],[ 120.   15.],[ 135.   16.],[ 150.   17.],[ 165.   16.],[ 180.   15.],[ 195.   14.],[ 210.   14.],[ 225.   14.],[ 240.   14.],[ 255.   14.],[ 270.   15.],[ 285.   13.],[ 300.   12.],[ 315.   12.],[ 330.   14.],[ 345.   14.],
[  0.  18.],[ 15.  18.],[ 30.  18.],[ 45.  17.],[ 60.  16.],[ 75.  16.],[ 90.  17.],[ 105.   17.],[ 120.   16.],[ 135.   16.],[ 150.   16.],[ 165.   15.],[ 180.   15.],[ 195.   15.],[ 210.   16.],[ 225.   15.],[ 240.   14.],[ 255.   13.],[ 270.   14.],[ 285.   14.],[ 300.   14.],[ 315.   14.],[ 330.   14.],[ 345.   12.],
[  0.  17.],[ 15.  16.],[ 30.  17.],[ 45.  17.],[ 60.  17.],[ 75.  17.],[ 90.  16.],[ 105.   15.],[ 120.   15.],[ 135.   15.],[ 150.   16.],[ 165.   16.],[ 180.   15.],[ 195.   14.],[ 210.   14.],[ 225.   14.],[ 240.   14.],[ 255.   14.],[ 270.   15.],[ 285.   14.],[ 300.   12.],[ 315.   12.],[ 330.   13.],[ 345.   13.],
[  0.  17.],[ 15.  17.],[ 30.  18.],[ 45.  17.],[ 60.  15.],[ 75.  15.],[ 90.  16.],[ 105.   16.],[ 120.   15.],[ 135.   15.],[ 150.   14.],[ 165.   14.],[ 180.   13.],[ 195.   14.],[ 210.   15.],[ 225.   15.],[ 240.   13.],[ 255.   13.],[ 270.   13.],[ 285.   13.],[ 300.   13.],[ 315.   13.],[ 330.   13.],[ 345.   13.],
[  0.  17.],[ 15.  16.],[ 30.  16.],[ 45.  16.],[ 60.  16.],[ 75.  15.],[ 90.  16.],[ 105.   16.],[ 120.   14.],[ 135.   14.],[ 150.   15.],[ 165.   16.],[ 180.   15.],[ 195.   14.],[ 210.   14.],[ 225.   13.],[ 240.   13.],[ 255.   14.],[ 270.   14.],[ 285.   14.],[ 300.   13.],[ 315.   12.],[ 330.   12.],[ 345.   13.],
[  0.  17.],[ 15.  17.],[ 30.  18.],[ 45.  17.],[ 60.  15.],[ 75.  15.],[ 90.  15.],[ 105.   16.],[ 120.   15.],[ 135.   15.],[ 150.   15.],[ 165.   14.],[ 180.   13.],[ 195.   14.],[ 210.   15.],[ 225.   15.],[ 240.   14.],[ 255.   13.],[ 270.   13.],[ 285.   13.],[ 300.   13.],[ 315.   13.],[ 330.   14.],[ 345.   13.],
[  0.  17.],[ 15.  16.],[ 30.  16.],[ 45.  16.],[ 60.  16.],[ 75.  16.],[ 90.  17.],[ 105.   16.],[ 120.   14.],[ 135.   14.],[ 150.   15.],[ 165.   15.],[ 180.   15.],[ 195.   14.],[ 210.   14.],[ 225.   13.],[ 240.   12.],[ 255.   13.],[ 270.   14.],[ 285.   14.],[ 300.   12.],[ 315.   11.],[ 330.   12.],[ 345.   12.],
[  0.  16.],[ 15.  16.],[ 30.  17.],[ 45.  17.],[ 60.  15.],[ 75.  15.],[ 90.  15.],[ 105.   15.],[ 120.   15.],[ 135.   15.],[ 150.   16.],[ 165.   15.],[ 180.   13.],[ 195.   13.],[ 210.   14.],[ 225.   14.],[ 240.   14.],[ 255.   13.],[ 270.   13.],[ 285.   12.],[ 300.   12.],[ 315.   13.],[ 330.   14.],[ 345.   13.],
[  0.  18.],[ 15.  17.],[ 30.  17.],[ 45.  16.],[ 60.  15.],[ 75.  16.],[ 90.  17.],[ 105.   16.],[ 120.   15.],[ 135.   14.],[ 150.   15.],[ 165.   15.],[ 180.   15.],[ 195.   15.],[ 210.   15.],[ 225.   14.],[ 240.   13.],[ 255.   13.],[ 270.   14.],[ 285.   15.],[ 300.   13.],[ 315.   13.],[ 330.   12.],[ 345.   12.],
[  0.  16.],[ 15.  17.],[ 30.  18.],[ 45.  18.],[ 60.  17.],[ 75.  16.],[ 90.  15.],[ 105.   15.],[ 120.   14.],[ 135.   15.],[ 150.   15.],[ 165.   15.],[ 180.   13.],[ 195.   13.],[ 210.   14.],[ 225.   15.],[ 240.   14.],[ 255.   14.],[ 270.   14.],[ 285.   13.],[ 300.   12.],[ 315.   13.],[ 330.   14.],[ 345.   14.],
[  0.  18.],[ 15.  18.],[ 30.  18.],[ 45.  17.],[ 60.  16.],[ 75.  16.],[ 90.  17.],[ 105.   17.],[ 120.   16.],[ 135.   15.],[ 150.   15.],[ 165.   15.],[ 180.   15.],[ 195.   15.],[ 210.   16.],[ 225.   15.],[ 240.   13.],[ 255.   13.],[ 270.   14.],[ 285.   15.],[ 300.   14.],[ 315.   14.],[ 330.   14.],[ 345.   13.],
[  0.  17.],[ 15.  17.],[ 30.  17.],[ 45.  18.],[ 60.  17.],[ 75.  17.],[ 90.  17.],[ 105.   16.],[ 120.   16.],[ 135.   16.],[ 150.   17.],[ 165.   17.],[ 180.   16.],[ 195.   15.],[ 210.   15.],[ 225.   15.],[ 240.   15.],[ 255.   15.],[ 270.   16.],[ 285.   15.],[ 300.   13.],[ 315.   14.],[ 330.   15.],[ 345.   15.],
[  0.  19.],[ 15.  19.],[ 30.  19.],[ 45.  18.],[ 60.  16.],[ 75.  16.],[ 90.  17.],[ 105.   17.],[ 120.   17.],[ 135.   16.],[ 150.   16.],[ 165.   15.],[ 180.   15.],[ 195.   16.],[ 210.   16.],[ 225.   15.],[ 240.   14.],[ 255.   13.],[ 270.   14.],[ 285.   15.],[ 300.   14.],[ 315.   14.],[ 330.   14.],[ 345.   13.],
[  0.  18.],[ 15.  17.],[ 30.  17.],[ 45.  18.],[ 60.  17.],[ 75.  17.],[ 90.  18.],[ 105.   16.],[ 120.   15.],[ 135.   16.],[ 150.   17.],[ 165.   16.],[ 180.   15.],[ 195.   15.],[ 210.   15.],[ 225.   14.],[ 240.   14.],[ 255.   15.],[ 270.   15.],[ 285.   15.],[ 300.   13.],[ 315.   13.],[ 330.   14.],[ 345.   14.],
[  0.  18.],[ 15.  18.],[ 30.  18.],[ 45.  18.],[ 60.  16.],[ 75.  15.],[ 90.  16.],[ 105.   17.],[ 120.   16.],[ 135.   16.],[ 150.   16.],[ 165.   15.],[ 180.   14.],[ 195.   14.],[ 210.   15.],[ 225.   15.],[ 240.   13.],[ 255.   13.],[ 270.   13.],[ 285.   13.],[ 300.   12.],[ 315.   13.],[ 330.   14.],[ 345.   12.],
[  0.  17.],[ 15.  16.],[ 30.  16.],[ 45.  16.],[ 60.  16.],[ 75.  16.],[ 90.  17.],[ 105.   16.],[ 120.   14.],[ 135.   14.],[ 150.   15.],[ 165.   15.],[ 180.   15.],[ 195.   14.],[ 210.   14.],[ 225.   14.],[ 240.   13.],[ 255.   13.],[ 270.   14.],[ 285.   13.],[ 300.   12.],[ 315.   12.],[ 330.   12.],[ 345.   13.],
[  0.  17.],[ 15.  17.],[ 30.  18.],[ 45.  17.],[ 60.  16.],[ 75.  15.],[ 90.  15.],[ 105.   16.],[ 120.   15.],[ 135.   15.],[ 150.   16.],[ 165.   14.],[ 180.   13.],[ 195.   13.],[ 210.   15.],[ 225.   15.],[ 240.   14.],[ 255.   13.],[ 270.   13.],[ 285.   12.],[ 300.   12.],[ 315.   13.],[ 330.   14.],[ 345.   13.],
[  0.  17.],[ 15.  16.],[ 30.  16.],[ 45.  15.],[ 60.  15.],[ 75.  16.],[ 90.  16.],[ 105.   16.],[ 120.   14.],[ 135.   13.],[ 150.   14.],[ 165.   14.],[ 180.   14.],[ 195.   14.],[ 210.   14.],[ 225.   13.],[ 240.   12.],[ 255.   12.],[ 270.   13.],[ 285.   13.],[ 300.   12.],[ 315.   11.],[ 330.   12.],[ 345.   11.],
[  0.  15.],[ 15.  16.],[ 30.  17.],[ 45.  17.],[ 60.  15.],[ 75.  14.],[ 90.  14.],[ 105.   14.],[ 120.   14.],[ 135.   15.],[ 150.   15.],[ 165.   14.],[ 180.   13.],[ 195.   13.],[ 210.   14.],[ 225.   14.],[ 240.   13.],[ 255.   13.],[ 270.   13.],[ 285.   12.],[ 300.   11.],[ 315.   12.],[ 330.   13.],[ 345.   13.],
[  0.  17.],[ 15.  16.],[ 30.  16.],[ 45.  15.],[ 60.  14.],[ 75.  15.],[ 90.  16.],[ 105.   16.],[ 120.   14.],[ 135.   14.],[ 150.   14.],[ 165.   14.],[ 180.   14.],[ 195.   14.],[ 210.   15.],[ 225.   13.],[ 240.   12.],[ 255.   12.],[ 270.   14.],[ 285.   14.],[ 300.   13.],[ 315.   12.],[ 330.   12.],[ 345.   11.],
[  0.  16.],[ 15.  16.],[ 30.  17.],[ 45.  17.],[ 60.  16.],[ 75.  15.],[ 90.  15.],[ 105.   14.],[ 120.   14.],[ 135.   14.],[ 150.   15.],[ 165.   14.],[ 180.   13.],[ 195.   12.],[ 210.   13.],[ 225.   14.],[ 240.   14.],[ 255.   14.],[ 270.   14.],[ 285.   13.],[ 300.   12.],[ 315.   12.],[ 330.   13.],[ 345.   13.],
[  0.  17.],[ 15.  17.],[ 30.  17.],[ 45.  16.],[ 60.  15.],[ 75.  15.],[ 90.  16.],[ 105.   16.],[ 120.   15.],[ 135.   15.],[ 150.   15.],[ 165.   14.],[ 180.   13.],[ 195.   14.],[ 210.   15.],[ 225.   14.],[ 240.   13.],[ 255.   12.],[ 270.   13.],[ 285.   14.],[ 300.   13.],[ 315.   13.],[ 330.   13.],[ 345.   12.],
[  0.  16.],[ 15.  16.],[ 30.  17.],[ 45.  17.],[ 60.  17.],[ 75.  16.],[ 90.  16.],[ 105.   16.],[ 120.   15.],[ 135.   15.],[ 150.   16.],[ 165.   16.],[ 180.   15.],[ 195.   13.],[ 210.   14.],[ 225.   14.],[ 240.   14.],[ 255.   14.],[ 270.   15.],[ 285.   14.],[ 300.   12.],[ 315.   12.],[ 330.   13.],[ 345.   14.],
[  0.  18.],[ 15.  18.],[ 30.  18.],[ 45.  17.],[ 60.  16.],[ 75.  15.],[ 90.  17.],[ 105.   17.],[ 120.   16.],[ 135.   16.],[ 150.   15.],[ 165.   15.],[ 180.   14.],[ 195.   14.],[ 210.   15.],[ 225.   15.],[ 240.   14.],[ 255.   13.],[ 270.   13.],[ 285.   14.],[ 300.   13.],[ 315.   13.],[ 330.   13.],[ 345.   12.],
[  0.  17.],[ 15.  16.],[ 30.  16.],[ 45.  17.],[ 60.  16.],[ 75.  16.],[ 90.  17.],[ 105.   16.],[ 120.   14.],[ 135.   15.],[ 150.   16.],[ 165.   16.],[ 180.   15.],[ 195.   14.],[ 210.   14.],[ 225.   14.],[ 240.   13.],[ 255.   14.],[ 270.   15.],[ 285.   14.],[ 300.   12.],[ 315.   12.],[ 330.   12.],[ 345.   13.],
[  0.  17.],[ 15.  17.],[ 30.  17.],[ 45.  16.],[ 60.  15.],[ 75.  14.],[ 90.  15.],[ 105.   15.],[ 120.   15.],[ 135.   15.],[ 150.   15.],[ 165.   14.],[ 180.   13.],[ 195.   14.],[ 210.   15.],[ 225.   15.],[ 240.   13.],[ 255.   13.],[ 270.   13.],[ 285.   13.],[ 300.   13.],[ 315.   13.],[ 330.   14.],[ 345.   12.],
[  0.  17.],[ 15.  16.],[ 30.  16.],[ 45.  15.],[ 60.  16.],[ 75.  16.],[ 90.  16.],[ 105.   15.],[ 120.   13.],[ 135.   13.],[ 150.   14.],[ 165.   14.],[ 180.   14.],[ 195.   13.],[ 210.   13.],[ 225.   12.],[ 240.   12.],[ 255.   12.],[ 270.   13.],[ 285.   13.],[ 300.   12.],[ 315.   11.],[ 330.   11.],[ 345.   12.],
[  0.  16.],[ 15.  16.],[ 30.  17.],[ 45.  16.],[ 60.  15.],[ 75.  13.],[ 90.  14.],[ 105.   14.],[ 120.   14.],[ 135.   14.],[ 150.   14.],[ 165.   13.],[ 180.   12.],[ 195.   12.],[ 210.   13.],[ 225.   13.],[ 240.   12.],[ 255.   12.],[ 270.   12.],[ 285.   11.],[ 300.   11.],[ 315.   11.],[ 330.   12.],[ 345.   12.],
[  0.  16.],[ 15.  15.],[ 30.  15.],[ 45.  15.],[ 60.  14.],[ 75.  15.],[ 90.  16.],[ 105.   15.],[ 120.   13.],[ 135.   12.],[ 150.   14.],[ 165.   14.],[ 180.   14.],[ 195.   13.],[ 210.   13.],[ 225.   12.],[ 240.   11.],[ 255.   12.],[ 270.   13.],[ 285.   13.],[ 300.   12.],[ 315.   11.],[ 330.   12.],[ 345.   11.],
[  0.  16.],[ 15.  15.],[ 30.  17.],[ 45.  17.],[ 60.  16.],[ 75.  15.],[ 90.  15.],[ 105.   15.],[ 120.   14.],[ 135.   15.],[ 150.   16.],[ 165.   14.],[ 180.   13.],[ 195.   12.],[ 210.   13.],[ 225.   14.],[ 240.   13.],[ 255.   13.],[ 270.   13.],[ 285.   12.],[ 300.   12.],[ 315.   12.],[ 330.   13.],[ 345.   13.],
[  0.  18.],[ 15.  17.],[ 30.  17.],[ 45.  16.],[ 60.  15.],[ 75.  15.],[ 90.  16.],[ 105.   16.],[ 120.   15.],[ 135.   14.],[ 150.   14.],[ 165.   14.],[ 180.   13.],[ 195.   13.],[ 210.   14.],[ 225.   13.],[ 240.   11.],[ 255.   12.],[ 270.   12.],[ 285.   13.],[ 300.   13.],[ 315.   12.],[ 330.   12.],[ 345.   11.],
[  0.  16.],[ 15.  15.],[ 30.  17.],[ 45.  17.],[ 60.  16.],[ 75.  15.],[ 90.  15.],[ 105.   14.],[ 120.   14.],[ 135.   14.],[ 150.   15.],[ 165.   15.],[ 180.   13.],[ 195.   13.],[ 210.   13.],[ 225.   13.],[ 240.   12.],[ 255.   13.],[ 270.   13.],[ 285.   12.],[ 300.   11.],[ 315.   11.],[ 330.   12.],[ 345.   13.],
[  0.  17.],[ 15.  16.],[ 30.  17.],[ 45.  16.],[ 60.  15.],[ 75.  15.],[ 90.  16.],[ 105.   16.],[ 120.   15.],[ 135.   14.],[ 150.   14.],[ 165.   13.],[ 180.   13.],[ 195.   14.],[ 210.   15.],[ 225.   14.],[ 240.   12.],[ 255.   12.],[ 270.   13.],[ 285.   13.],[ 300.   12.],[ 315.   12.],[ 330.   12.],[ 345.   11.],
[  0.  16.],[ 15.  15.],[ 30.  16.],[ 45.  16.],[ 60.  16.],[ 75.  15.],[ 90.  15.],[ 105.   14.],[ 120.   13.],[ 135.   13.],[ 150.   14.],[ 165.   14.],[ 180.   13.],[ 195.   13.],[ 210.   13.],[ 225.   13.],[ 240.   12.],[ 255.   13.],[ 270.   13.],[ 285.   12.],[ 300.   11.],[ 315.   11.],[ 330.   12.],[ 345.   13.],
[  0.  17.],[ 15.  16.],[ 30.  17.],[ 45.  16.],[ 60.  14.],[ 75.  14.],[ 90.  15.],[ 105.   16.],[ 120.   15.],[ 135.   14.],[ 150.   14.],[ 165.   13.],[ 180.   13.],[ 195.   13.],[ 210.   14.],[ 225.   14.],[ 240.   12.],[ 255.   12.],[ 270.   12.],[ 285.   12.],[ 300.   12.],[ 315.   12.],[ 330.   13.],[ 345.   11.],
[  0.  16.],[ 15.  15.],[ 30.  15.],[ 45.  15.],[ 60.  15.],[ 75.  15.],[ 90.  14.],[ 105.   14.],[ 120.   12.],[ 135.   12.],[ 150.   14.],[ 165.   14.],[ 180.   13.],[ 195.   12.],[ 210.   12.],[ 225.   12.],[ 240.   11.],[ 255.   12.],[ 270.   13.],[ 285.   12.],[ 300.   11.],[ 315.   10.],[ 330.   11.],[ 345.   11.],
[  0.  15.],[ 15.  16.],[ 30.  16.],[ 45.  16.],[ 60.  14.],[ 75.  13.],[ 90.  14.],[ 105.   14.],[ 120.   14.],[ 135.   14.],[ 150.   14.],[ 165.   13.],[ 180.   12.],[ 195.   12.],[ 210.   14.],[ 225.   14.],[ 240.   13.],[ 255.   12.],[ 270.   12.],[ 285.   12.],[ 300.   11.],[ 315.   12.],[ 330.   12.],[ 345.   11.],
[  0.  16.],[ 15.  14.],[ 30.  15.],[ 45.  14.],[ 60.  14.],[ 75.  15.],[ 90.  15.],[ 105.   14.],[ 120.   13.],[ 135.   12.],[ 150.   13.],[ 165.   13.],[ 180.   13.],[ 195.   12.],[ 210.   12.],[ 225.   11.],[ 240.   11.],[ 255.   11.],[ 270.   13.],[ 285.   12.],[ 300.   11.],[ 315.   10.],[ 330.   10.],[ 345.   10.],
[  0.  15.],[ 15.  14.],[ 30.  16.],[ 45.  16.],[ 60.  14.],[ 75.  13.],[ 90.  13.],[ 105.   13.],[ 120.   13.],[ 135.   14.],[ 150.   14.],[ 165.   13.],[ 180.   12.],[ 195.   12.],[ 210.   13.],[ 225.   13.],[ 240.   12.],[ 255.   12.],[ 270.   11.],[ 285.   11.],[ 300.   10.],[ 315.   11.],[ 330.   12.],[ 345.   11.],
[  0.  16.],[ 15.  15.],[ 30.  15.],[ 45.  14.],[ 60.  13.],[ 75.  14.],[ 90.  15.],[ 105.   15.],[ 120.   13.],[ 135.   12.],[ 150.   13.],[ 165.   13.],[ 180.   13.],[ 195.   13.],[ 210.   13.],[ 225.   12.],[ 240.   10.],[ 255.   11.],[ 270.   12.],[ 285.   12.],[ 300.   11.],[ 315.   11.],[ 330.   11.],[ 345.   10.],
[  0.  15.],[ 15.  14.],[ 30.  16.],[ 45.  16.],[ 60.  15.],[ 75.  14.],[ 90.  14.],[ 105.   13.],[ 120.   12.],[ 135.   13.],[ 150.   14.],[ 165.   13.],[ 180.   12.],[ 195.   12.],[ 210.   12.],[ 225.   13.],[ 240.   12.],[ 255.   12.],[ 270.   12.],[ 285.   11.],[ 300.   10.],[ 315.   11.],[ 330.   12.],[ 345.   12.],
[  0.  16.],[ 15.  16.],[ 30.  15.],[ 45.  14.],[ 60.  13.],[ 75.  13.],[ 90.  15.],[ 105.   15.],[ 120.   13.],[ 135.   13.],[ 150.   13.],[ 165.   13.],[ 180.   12.],[ 195.   13.],[ 210.   13.],[ 225.   13.],[ 240.   11.],[ 255.   11.],[ 270.   12.],[ 285.   12.],[ 300.   12.],[ 315.   11.],[ 330.   11.],[ 345.   11.],
[  0.  15.],[ 15.  15.],[ 30.  15.],[ 45.  15.],[ 60.  15.],[ 75.  15.],[ 90.  15.],[ 105.   14.],[ 120.   13.],[ 135.   14.],[ 150.   15.],[ 165.   14.],[ 180.   13.],[ 195.   12.],[ 210.   12.],[ 225.   12.],[ 240.   12.],[ 255.   12.],[ 270.   12.],[ 285.   11.],[ 300.   10.],[ 315.   10.],[ 330.   12.],[ 345.   12.],
[  0.  16.],[ 15.  16.],[ 30.  16.],[ 45.  15.],[ 60.  14.],[ 75.  14.],[ 90.  15.],[ 105.   15.],[ 120.   14.],[ 135.   14.],[ 150.   14.],[ 165.   13.],[ 180.   12.],[ 195.   13.],[ 210.   14.],[ 225.   13.],[ 240.   12.],[ 255.   11.],[ 270.   12.],[ 285.   12.],[ 300.   12.],[ 315.   12.],[ 330.   12.],[ 345.   11.],
[  0.  15.],[ 15.  15.],[ 30.  15.],[ 45.  16.],[ 60.  15.],[ 75.  15.],[ 90.  15.],[ 105.   14.],[ 120.   13.],[ 135.   13.],[ 150.   14.],[ 165.   14.],[ 180.   13.],[ 195.   12.],[ 210.   13.],[ 225.   12.],[ 240.   12.],[ 255.   13.],[ 270.   13.],[ 285.   13.],[ 300.   11.],[ 315.   11.],[ 330.   12.],[ 345.   12.],
[  0.  17.],[ 15.  17.],[ 30.  17.],[ 45.  16.],[ 60.  15.],[ 75.  14.],[ 90.  15.],[ 105.   16.],[ 120.   15.],[ 135.   14.],[ 150.   14.],[ 165.   13.],[ 180.   12.],[ 195.   13.],[ 210.   14.],[ 225.   14.],[ 240.   12.],[ 255.   12.],[ 270.   12.],[ 285.   12.],[ 300.   12.],[ 315.   12.],[ 330.   13.],[ 345.   11.],
[  0.  16.],[ 15.  15.],[ 30.  15.],[ 45.  15.],[ 60.  15.],[ 75.  15.],[ 90.  15.],[ 105.   14.],[ 120.   12.],[ 135.   12.],[ 150.   13.],[ 165.   14.],[ 180.   13.],[ 195.   13.],[ 210.   13.],[ 225.   12.],[ 240.   12.],[ 255.   12.],[ 270.   13.],[ 285.   13.],[ 300.   11.],[ 315.   10.],[ 330.   11.],[ 345.   12.],
[  0.  16.],[ 15.  16.],[ 30.  17.],[ 45.  15.],[ 60.  14.],[ 75.  13.],[ 90.  14.],[ 105.   14.],[ 120.   13.],[ 135.   13.],[ 150.   13.],[ 165.   13.],[ 180.   12.],[ 195.   12.],[ 210.   13.],[ 225.   13.],[ 240.   12.],[ 255.   12.],[ 270.   12.],[ 285.   12.],[ 300.   11.],[ 315.   12.],[ 330.   13.],[ 345.   12.],
[  0.  16.],[ 15.  15.],[ 30.  15.],[ 45.  15.],[ 60.  14.],[ 75.  14.],[ 90.  15.],[ 105.   14.],[ 120.   13.],[ 135.   12.],[ 150.   13.],[ 165.   13.],[ 180.   13.],[ 195.   13.],[ 210.   13.],[ 225.   12.],[ 240.   11.],[ 255.   11.],[ 270.   13.],[ 285.   13.],[ 300.   11.],[ 315.   10.],[ 330.   11.],[ 345.   10.],
[  0.  14.],[ 15.  14.],[ 30.  16.],[ 45.  16.],[ 60.  14.],[ 75.  14.],[ 90.  14.],[ 105.   14.],[ 120.   14.],[ 135.   14.],[ 150.   14.],[ 165.   13.],[ 180.   12.],[ 195.   12.],[ 210.   13.],[ 225.   13.],[ 240.   12.],[ 255.   12.],[ 270.   12.],[ 285.   11.],[ 300.   11.],[ 315.   11.],[ 330.   12.],[ 345.   12.],
[  0.  17.],[ 15.  16.],[ 30.  16.],[ 45.  15.],[ 60.  14.],[ 75.  14.],[ 90.  16.],[ 105.   15.],[ 120.   14.],[ 135.   13.],[ 150.   13.],[ 165.   13.],[ 180.   13.],[ 195.   13.],[ 210.   13.],[ 225.   13.],[ 240.   11.],[ 255.   12.],[ 270.   13.],[ 285.   13.],[ 300.   12.],[ 315.   11.],[ 330.   12.],[ 345.   11.],
[  0.  15.],[ 15.  15.],[ 30.  16.],[ 45.  17.],[ 60.  16.],[ 75.  15.],[ 90.  15.],[ 105.   14.],[ 120.   14.],[ 135.   14.],[ 150.   15.],[ 165.   14.],[ 180.   13.],[ 195.   12.],[ 210.   13.],[ 225.   13.],[ 240.   12.],[ 255.   12.],[ 270.   12.],[ 285.   11.],[ 300.   11.],[ 315.   11.],[ 330.   12.],[ 345.   12.],
[  0.  17.],[ 15.  17.],[ 30.  17.],[ 45.  16.],[ 60.  14.],[ 75.  14.],[ 90.  16.],[ 105.   15.],[ 120.   14.],[ 135.   14.],[ 150.   13.],[ 165.   13.],[ 180.   13.],[ 195.   13.],[ 210.   14.],[ 225.   13.],[ 240.   12.],[ 255.   11.],[ 270.   13.],[ 285.   13.],[ 300.   12.],[ 315.   12.],[ 330.   12.],[ 345.   11.],
[  0.  16.],[ 15.  15.],[ 30.  16.],[ 45.  16.],[ 60.  16.],[ 75.  15.],[ 90.  15.],[ 105.   14.],[ 120.   13.],[ 135.   14.],[ 150.   15.],[ 165.   15.],[ 180.   13.],[ 195.   12.],[ 210.   13.],[ 225.   13.],[ 240.   13.],[ 255.   12.],[ 270.   13.],[ 285.   13.],[ 300.   11.],[ 315.   11.],[ 330.   12.],[ 345.   13.],
[  0.  17.],[ 15.  16.],[ 30.  17.],[ 45.  16.],[ 60.  14.],[ 75.  14.],[ 90.  15.],[ 105.   15.],[ 120.   15.],[ 135.   14.],[ 150.   14.],[ 165.   13.],[ 180.   13.],[ 195.   13.],[ 210.   14.],[ 225.   14.],[ 240.   12.],[ 255.   11.],[ 270.   12.],[ 285.   13.],[ 300.   12.],[ 315.   12.],[ 330.   12.],[ 345.   12.],
[  0.  16.],[ 15.  15.],[ 30.  16.],[ 45.  16.],[ 60.  15.],[ 75.  15.],[ 90.  15.],[ 105.   14.],[ 120.   13.],[ 135.   13.],[ 150.   15.],[ 165.   15.],[ 180.   14.],[ 195.   13.],[ 210.   13.],[ 225.   12.],[ 240.   12.],[ 255.   13.],[ 270.   14.],[ 285.   13.],[ 300.   11.],[ 315.   11.],[ 330.   12.],[ 345.   12.],
[  0.  16.],[ 15.  16.],[ 30.  17.],[ 45.  16.],[ 60.  15.],[ 75.  14.],[ 90.  15.],[ 105.   15.],[ 120.   15.],[ 135.   15.],[ 150.   15.],[ 165.   14.],[ 180.   13.],[ 195.   13.],[ 210.   14.],[ 225.   14.],[ 240.   13.],[ 255.   12.],[ 270.   12.],[ 285.   12.],[ 300.   12.],[ 315.   13.],[ 330.   13.],[ 345.   11.],
[  0.  16.],[ 15.  15.],[ 30.  15.],[ 45.  15.],[ 60.  15.],[ 75.  16.],[ 90.  16.],[ 105.   15.],[ 120.   13.],[ 135.   13.],[ 150.   14.],[ 165.   15.],[ 180.   14.],[ 195.   14.],[ 210.   13.],[ 225.   13.],[ 240.   12.],[ 255.   12.],[ 270.   14.],[ 285.   13.],[ 300.   12.],[ 315.   11.],[ 330.   12.],[ 345.   12.],
[  0.  16.],[ 15.  16.],[ 30.  17.],[ 45.  17.],[ 60.  15.],[ 75.  14.],[ 90.  14.],[ 105.   15.],[ 120.   15.],[ 135.   15.],[ 150.   15.],[ 165.   14.],[ 180.   12.],[ 195.   13.],[ 210.   14.],[ 225.   14.],[ 240.   13.],[ 255.   13.],[ 270.   13.],[ 285.   12.],[ 300.   12.],[ 315.   12.],[ 330.   13.],[ 345.   13.],
[  0.  17.],[ 15.  16.],[ 30.  16.],[ 45.  15.],[ 60.  15.],[ 75.  15.],[ 90.  16.],[ 105.   15.],[ 120.   14.],[ 135.   13.],[ 150.   14.],[ 165.   14.],[ 180.   14.],[ 195.   14.],[ 210.   14.],[ 225.   13.],[ 240.   12.],[ 255.   13.],[ 270.   14.],[ 285.   14.],[ 300.   12.],[ 315.   12.],[ 330.   12.],[ 345.   12.],
[  0.  16.],[ 15.  16.],[ 30.  17.],[ 45.  17.],[ 60.  16.],[ 75.  15.],[ 90.  15.],[ 105.   15.],[ 120.   15.],[ 135.   15.],[ 150.   16.],[ 165.   15.],[ 180.   13.],[ 195.   13.],[ 210.   14.],[ 225.   13.],[ 240.   14.],[ 255.   13.],[ 270.   13.],[ 285.   12.],[ 300.   12.],[ 315.   12.],[ 330.   13.],[ 345.   13.],
[  0.  17.],[ 15.  17.],[ 30.  16.],[ 45.  15.],[ 60.  15.],[ 75.  15.],[ 90.  16.],[ 105.   16.],[ 120.   15.],[ 135.   14.],[ 150.   14.],[ 165.   14.],[ 180.   14.],[ 195.   14.],[ 210.   15.],[ 225.   14.],[ 240.   12.],[ 255.   12.],[ 270.   13.],[ 285.   13.],[ 300.   13.],[ 315.   12.],[ 330.   12.],[ 345.   12.],
[  0.  16.],[ 15.  15.],[ 30.  16.],[ 45.  16.],[ 60.  16.],[ 75.  15.],[ 90.  14.],[ 105.   14.],[ 120.   14.],[ 135.   14.],[ 150.   15.],[ 165.   15.],[ 180.   13.],[ 195.   12.],[ 210.   13.],[ 225.   13.],[ 240.   13.],[ 255.   13.],[ 270.   13.],[ 285.   12.],[ 300.   11.],[ 315.   11.],[ 330.   12.],[ 345.   12.],
[  0.  17.],[ 15.  17.],[ 30.  17.],[ 45.  16.],[ 60.  15.],[ 75.  15.],[ 90.  16.],[ 105.   16.],[ 120.   15.],[ 135.   14.],[ 150.   14.],[ 165.   13.],[ 180.   13.],[ 195.   13.],[ 210.   14.],[ 225.   13.],[ 240.   12.],[ 255.   12.],[ 270.   12.],[ 285.   13.],[ 300.   12.],[ 315.   12.],[ 330.   12.],[ 345.   11.],
[  0.  16.],[ 15.  15.],[ 30.  16.],[ 45.  16.],[ 60.  15.],[ 75.  15.],[ 90.  15.],[ 105.   14.],[ 120.   13.],[ 135.   14.],[ 150.   15.],[ 165.   15.],[ 180.   13.],[ 195.   12.],[ 210.   13.],[ 225.   13.],[ 240.   12.],[ 255.   13.],[ 270.   13.],[ 285.   12.],[ 300.   11.],[ 315.   10.],[ 330.   11.],[ 345.   12.],
[  0.  17.],[ 15.  16.],[ 30.  17.],[ 45.  15.],[ 60.  14.],[ 75.  14.],[ 90.  15.],[ 105.   16.],[ 120.   15.],[ 135.   15.],[ 150.   14.],[ 165.   14.],[ 180.   13.],[ 195.   14.],[ 210.   15.],[ 225.   15.],[ 240.   13.],[ 255.   12.],[ 270.   13.],[ 285.   13.],[ 300.   13.],[ 315.   13.],[ 330.   13.],[ 345.   12.],
[  0.  17.],[ 15.  16.],[ 30.  16.],[ 45.  16.],[ 60.  16.],[ 75.  16.],[ 90.  16.],[ 105.   14.],[ 120.   13.],[ 135.   14.],[ 150.   15.],[ 165.   15.],[ 180.   14.],[ 195.   13.],[ 210.   13.],[ 225.   13.],[ 240.   12.],[ 255.   13.],[ 270.   14.],[ 285.   13.],[ 300.   12.],[ 315.   11.],[ 330.   12.],[ 345.   13.],
[  0.  17.],[ 15.  17.],[ 30.  17.],[ 45.  17.],[ 60.  15.],[ 75.  15.],[ 90.  16.],[ 105.   16.],[ 120.   15.],[ 135.   15.],[ 150.   15.],[ 165.   14.],[ 180.   12.],[ 195.   13.],[ 210.   14.],[ 225.   14.],[ 240.   13.],[ 255.   13.],[ 270.   13.],[ 285.   13.],[ 300.   13.],[ 315.   13.],[ 330.   14.],[ 345.   13.],
[  0.  18.],[ 15.  17.],[ 30.  17.],[ 45.  17.],[ 60.  16.],[ 75.  17.],[ 90.  17.],[ 105.   16.],[ 120.   15.],[ 135.   14.],[ 150.   15.],[ 165.   16.],[ 180.   15.],[ 195.   14.],[ 210.   15.],[ 225.   13.],[ 240.   12.],[ 255.   13.],[ 270.   15.],[ 285.   14.],[ 300.   13.],[ 315.   12.],[ 330.   12.],[ 345.   13.],
[  0.  17.],[ 15.  17.],[ 30.  18.],[ 45.  18.],[ 60.  16.],[ 75.  15.],[ 90.  15.],[ 105.   15.],[ 120.   15.],[ 135.   15.],[ 150.   16.],[ 165.   15.],[ 180.   13.],[ 195.   13.],[ 210.   14.],[ 225.   15.],[ 240.   14.],[ 255.   13.],[ 270.   13.],[ 285.   13.],[ 300.   12.],[ 315.   13.],[ 330.   14.],[ 345.   14.],
[  0.  18.],[ 15.  17.],[ 30.  17.],[ 45.  16.],[ 60.  15.],[ 75.  16.],[ 90.  17.],[ 105.   16.],[ 120.   15.],[ 135.   14.],[ 150.   15.],[ 165.   15.],[ 180.   14.],[ 195.   14.],[ 210.   15.],[ 225.   14.],[ 240.   12.],[ 255.   13.],[ 270.   14.],[ 285.   14.],[ 300.   13.],[ 315.   12.],[ 330.   12.],[ 345.   12.],
[  0.  16.],[ 15.  16.],[ 30.  17.],[ 45.  17.],[ 60.  16.],[ 75.  15.],[ 90.  15.],[ 105.   15.],[ 120.   14.],[ 135.   15.],[ 150.   15.],[ 165.   15.],[ 180.   13.],[ 195.   12.],[ 210.   13.],[ 225.   14.],[ 240.   13.],[ 255.   13.],[ 270.   13.],[ 285.   12.],[ 300.   12.],[ 315.   12.],[ 330.   13.],[ 345.   13.],
[  0.  17.],[ 15.  16.],[ 30.  16.],[ 45.  15.],[ 60.  15.],[ 75.  15.],[ 90.  16.],[ 105.   16.],[ 120.   14.],[ 135.   14.],[ 150.   14.],[ 165.   14.],[ 180.   14.],[ 195.   14.],[ 210.   15.],[ 225.   14.],[ 240.   12.],[ 255.   12.],[ 270.   13.],[ 285.   13.],[ 300.   13.],[ 315.   12.],[ 330.   12.],[ 345.   11.],
[  0.  15.],[ 15.  15.],[ 30.  16.],[ 45.  16.],[ 60.  16.],[ 75.  15.],[ 90.  15.],[ 105.   14.],[ 120.   13.],[ 135.   14.],[ 150.   15.],[ 165.   15.],[ 180.   13.],[ 195.   13.],[ 210.   13.],[ 225.   14.],[ 240.   13.],[ 255.   13.],[ 270.   13.],[ 285.   12.],[ 300.   11.],[ 315.   11.],[ 330.   12.],[ 345.   12.],
[  0.  17.],[ 15.  16.],[ 30.  17.],[ 45.  16.],[ 60.  15.],[ 75.  15.],[ 90.  16.],[ 105.   16.],[ 120.   15.],[ 135.   14.],[ 150.   14.],[ 165.   14.],[ 180.   13.],[ 195.   14.],[ 210.   15.],[ 225.   14.],[ 240.   12.],[ 255.   12.],[ 270.   13.],[ 285.   13.],[ 300.   13.],[ 315.   13.],[ 330.   13.],[ 345.   12.],
[  0.  16.],[ 15.  16.],[ 30.  17.],[ 45.  17.],[ 60.  16.],[ 75.  16.],[ 90.  16.],[ 105.   15.],[ 120.   14.],[ 135.   14.],[ 150.   15.],[ 165.   15.],[ 180.   14.],[ 195.   13.],[ 210.   13.],[ 225.   13.],[ 240.   13.],[ 255.   13.],[ 270.   14.],[ 285.   13.],[ 300.   11.],[ 315.   11.],[ 330.   12.],[ 345.   12.],
[  0.  16.],[ 15.  16.],[ 30.  17.],[ 45.  16.],[ 60.  14.],[ 75.  14.],[ 90.  15.],[ 105.   15.],[ 120.   15.],[ 135.   15.],[ 150.   14.],[ 165.   13.],[ 180.   13.],[ 195.   13.],[ 210.   14.],[ 225.   13.],[ 240.   12.],[ 255.   11.],[ 270.   12.],[ 285.   12.],[ 300.   12.],[ 315.   12.],[ 330.   13.],[ 345.   12.],
[  0.  16.],[ 15.  15.],[ 30.  15.],[ 45.  15.],[ 60.  15.],[ 75.  15.],[ 90.  16.],[ 105.   15.],[ 120.   13.],[ 135.   13.],[ 150.   15.],[ 165.   15.],[ 180.   14.],[ 195.   13.],[ 210.   13.],[ 225.   13.],[ 240.   12.],[ 255.   13.],[ 270.   14.],[ 285.   13.],[ 300.   12.],[ 315.   11.],[ 330.   12.],[ 345.   12.],
[  0.  16.],[ 15.  16.],[ 30.  17.],[ 45.  16.],[ 60.  15.],[ 75.  14.],[ 90.  15.],[ 105.   15.],[ 120.   15.],[ 135.   15.],[ 150.   15.],[ 165.   13.],[ 180.   12.],[ 195.   12.],[ 210.   13.],[ 225.   13.],[ 240.   12.],[ 255.   12.],[ 270.   12.],[ 285.   12.],[ 300.   11.],[ 315.   12.],[ 330.   12.],[ 345.   11.],
[  0.  16.],[ 15.  15.],[ 30.  15.],[ 45.  14.],[ 60.  14.],[ 75.  14.],[ 90.  15.],[ 105.   15.],[ 120.   13.],[ 135.   12.],[ 150.   13.],[ 165.   14.],[ 180.   13.],[ 195.   13.],[ 210.   13.],[ 225.   12.],[ 240.   11.],[ 255.   12.],[ 270.   13.],[ 285.   13.],[ 300.   11.],[ 315.   11.],[ 330.   11.],[ 345.   11.],
[  0.  15.],[ 15.  15.],[ 30.  16.],[ 45.  16.],[ 60.  15.],[ 75.  14.],[ 90.  14.],[ 105.   14.],[ 120.   13.],[ 135.   14.],[ 150.   14.],[ 165.   13.],[ 180.   12.],[ 195.   11.],[ 210.   13.],[ 225.   13.],[ 240.   12.],[ 255.   12.],[ 270.   12.],[ 285.   11.],[ 300.   10.],[ 315.   11.],[ 330.   12.],[ 345.   12.],
[  0.  16.],[ 15.  15.],[ 30.  15.],[ 45.  14.],[ 60.  14.],[ 75.  14.],[ 90.  15.],[ 105.   15.],[ 120.   13.],[ 135.   12.],[ 150.   13.],[ 165.   13.],[ 180.   13.],[ 195.   13.],[ 210.   14.],[ 225.   13.],[ 240.   11.],[ 255.   11.],[ 270.   13.],[ 285.   13.],[ 300.   12.],[ 315.   11.],[ 330.   11.],[ 345.   11.],
[  0.  15.],[ 15.  15.],[ 30.  16.],[ 45.  16.],[ 60.  15.],[ 75.  14.],[ 90.  14.],[ 105.   14.],[ 120.   13.],[ 135.   13.],[ 150.   14.],[ 165.   13.],[ 180.   12.],[ 195.   11.],[ 210.   12.],[ 225.   12.],[ 240.   12.],[ 255.   12.],[ 270.   12.],[ 285.   11.],[ 300.   10.],[ 315.   10.],[ 330.   12.],[ 345.   12.],
[  0.  16.],[ 15.  16.],[ 30.  16.],[ 45.  14.],[ 60.  13.],[ 75.  14.],[ 90.  14.],[ 105.   14.],[ 120.   13.],[ 135.   12.],[ 150.   12.],[ 165.   12.],[ 180.   12.],[ 195.   12.],[ 210.   13.],[ 225.   12.],[ 240.   11.],[ 255.   11.],[ 270.   12.],[ 285.   13.],[ 300.   12.],[ 315.   12.],[ 330.   12.],[ 345.   11.],
[  0.  15.],[ 15.  15.],[ 30.  16.],[ 45.  16.],[ 60.  15.],[ 75.  15.],[ 90.  15.],[ 105.   14.],[ 120.   13.],[ 135.   14.],[ 150.   15.],[ 165.   14.],[ 180.   13.],[ 195.   12.],[ 210.   13.],[ 225.   13.],[ 240.   12.],[ 255.   13.],[ 270.   13.],[ 285.   12.],[ 300.   11.],[ 315.   11.],[ 330.   12.],[ 345.   13.],
[  0.  17.],[ 15.  17.],[ 30.  17.],[ 45.  16.],[ 60.  14.],[ 75.  14.],[ 90.  15.],[ 105.   15.],[ 120.   14.],[ 135.   13.],[ 150.   14.],[ 165.   13.],[ 180.   13.],[ 195.   14.],[ 210.   15.],[ 225.   14.],[ 240.   12.],[ 255.   12.],[ 270.   12.],[ 285.   13.],[ 300.   12.],[ 315.   12.],[ 330.   12.],[ 345.   11.],
[  0.  16.],[ 15.  15.],[ 30.  16.],[ 45.  16.],[ 60.  16.],[ 75.  16.],[ 90.  16.],[ 105.   15.],[ 120.   13.],[ 135.   14.],[ 150.   15.],[ 165.   15.],[ 180.   14.],[ 195.   13.],[ 210.   14.],[ 225.   13.],[ 240.   13.],[ 255.   14.],[ 270.   14.],[ 285.   13.],[ 300.   12.],[ 315.   12.],[ 330.   12.],[ 345.   13.],
[  0.  17.],[ 15.  17.],[ 30.  17.],[ 45.  17.],[ 60.  15.],[ 75.  15.],[ 90.  16.],[ 105.   16.],[ 120.   15.],[ 135.   15.],[ 150.   15.],[ 165.   14.],[ 180.   13.],[ 195.   14.],[ 210.   15.],[ 225.   14.],[ 240.   13.],[ 255.   12.],[ 270.   13.],[ 285.   13.],[ 300.   12.],[ 315.   13.],[ 330.   13.],[ 345.   12.],
[  0.  17.],[ 15.  16.],[ 30.  16.],[ 45.  15.],[ 60.  16.],[ 75.  16.],[ 90.  16.],[ 105.   15.],[ 120.   14.],[ 135.   13.],[ 150.   14.],[ 165.   15.],[ 180.   14.],[ 195.   14.],[ 210.   13.],[ 225.   12.],[ 240.   12.],[ 255.   13.],[ 270.   14.],[ 285.   13.],[ 300.   12.],[ 315.   11.],[ 330.   12.],[ 345.   13.],
[  0.  17.],[ 15.  17.],[ 30.  18.],[ 45.  17.],[ 60.  16.],[ 75.  15.],[ 90.  15.],[ 105.   15.],[ 120.   15.],[ 135.   15.],[ 150.   16.],[ 165.   15.],[ 180.   13.],[ 195.   14.],[ 210.   15.],[ 225.   15.],[ 240.   14.],[ 255.   14.],[ 270.   14.],[ 285.   13.],[ 300.   13.],[ 315.   13.],[ 330.   14.],[ 345.   13.],
[  0.  18.],[ 15.  17.],[ 30.  16.],[ 45.  16.],[ 60.  15.],[ 75.  16.],[ 90.  17.],[ 105.   16.],[ 120.   14.],[ 135.   14.],[ 150.   15.],[ 165.   15.],[ 180.   14.],[ 195.   14.],[ 210.   15.],[ 225.   13.],[ 240.   12.],[ 255.   13.],[ 270.   14.],[ 285.   14.],[ 300.   13.],[ 315.   12.],[ 330.   12.],[ 345.   12.],
[  0.  16.],[ 15.  16.],[ 30.  17.],[ 45.  17.],[ 60.  16.],[ 75.  15.],[ 90.  15.],[ 105.   15.],[ 120.   15.],[ 135.   15.],[ 150.   15.],[ 165.   15.],[ 180.   13.],[ 195.   13.],[ 210.   14.],[ 225.   15.],[ 240.   13.],[ 255.   14.],[ 270.   13.],[ 285.   13.],[ 300.   12.],[ 315.   12.],[ 330.   13.],[ 345.   13.],
[  0.  17.],[ 15.  17.],[ 30.  16.],[ 45.  16.],[ 60.  15.],[ 75.  15.],[ 90.  17.],[ 105.   16.],[ 120.   15.],[ 135.   14.],[ 150.   14.],[ 165.   14.],[ 180.   14.],[ 195.   14.],[ 210.   14.],[ 225.   13.],[ 240.   12.],[ 255.   12.],[ 270.   13.],[ 285.   13.],[ 300.   12.],[ 315.   12.],[ 330.   12.],[ 345.   11.],
[  0.  16.],[ 15.  15.],[ 30.  17.],[ 45.  17.],[ 60.  16.],[ 75.  16.],[ 90.  15.],[ 105.   15.],[ 120.   14.],[ 135.   15.],[ 150.   16.],[ 165.   15.],[ 180.   13.],[ 195.   13.],[ 210.   14.],[ 225.   13.],[ 240.   14.],[ 255.   13.],[ 270.   14.],[ 285.   12.],[ 300.   11.],[ 315.   12.],[ 330.   13.],[ 345.   13.],
[  0.  17.],[ 15.  17.],[ 30.  17.],[ 45.  16.],[ 60.  15.],[ 75.  15.],[ 90.  17.],[ 105.   17.],[ 120.   16.],[ 135.   15.],[ 150.   15.],[ 165.   14.],[ 180.   14.],[ 195.   15.],[ 210.   15.],[ 225.   14.],[ 240.   13.],[ 255.   12.],[ 270.   13.],[ 285.   14.],[ 300.   13.],[ 315.   12.],[ 330.   12.],[ 345.   12.],
[  0.  16.],[ 15.  16.],[ 30.  17.],[ 45.  17.],[ 60.  16.],[ 75.  16.],[ 90.  16.],[ 105.   15.],[ 120.   14.],[ 135.   14.],[ 150.   16.],[ 165.   15.],[ 180.   14.],[ 195.   13.],[ 210.   13.],[ 225.   13.],[ 240.   13.],[ 255.   13.],[ 270.   14.],[ 285.   13.],[ 300.   11.],[ 315.   11.],[ 330.   12.],[ 345.   13.],
[  0.  17.],[ 15.  17.],[ 30.  17.],[ 45.  16.],[ 60.  14.],[ 75.  15.],[ 90.  16.],[ 105.   16.],[ 120.   15.],[ 135.   14.],[ 150.   14.],[ 165.   13.],[ 180.   13.],[ 195.   13.],[ 210.   14.],[ 225.   14.],[ 240.   12.],[ 255.   11.],[ 270.   12.],[ 285.   12.],[ 300.   12.],[ 315.   12.],[ 330.   12.],[ 345.   11.],
[  0.  16.],[ 15.  15.],[ 30.  16.],[ 45.  16.],[ 60.  15.],[ 75.  16.],[ 90.  16.],[ 105.   15.],[ 120.   13.],[ 135.   13.],[ 150.   15.],[ 165.   15.],[ 180.   14.],[ 195.   13.],[ 210.   13.],[ 225.   12.],[ 240.   12.],[ 255.   13.],[ 270.   14.],[ 285.   13.],[ 300.   11.],[ 315.   11.],[ 330.   12.],[ 345.   12.],
[  0.  16.],[ 15.  16.],[ 30.  17.],[ 45.  16.],[ 60.  15.],[ 75.  14.],[ 90.  15.],[ 105.   16.],[ 120.   15.],[ 135.   15.],[ 150.   15.],[ 165.   14.],[ 180.   12.],[ 195.   13.],[ 210.   14.],[ 225.   14.],[ 240.   13.],[ 255.   12.],[ 270.   13.],[ 285.   12.],[ 300.   12.],[ 315.   13.],[ 330.   13.],[ 345.   12.],
[  0.  16.],[ 15.  15.],[ 30.  15.],[ 45.  15.],[ 60.  15.],[ 75.  15.],[ 90.  15.],[ 105.   14.],[ 120.   13.],[ 135.   12.],[ 150.   14.],[ 165.   14.],[ 180.   14.],[ 195.   13.],[ 210.   13.],[ 225.   12.],[ 240.   12.],[ 255.   12.],[ 270.   14.],[ 285.   13.],[ 300.   12.],[ 315.   11.],[ 330.   12.],[ 345.   12.],
[  0.  16.],[ 15.  16.],[ 30.  17.],[ 45.  17.],[ 60.  15.],[ 75.  14.],[ 90.  15.],[ 105.   15.],[ 120.   15.],[ 135.   15.],[ 150.   15.],[ 165.   14.],[ 180.   12.],[ 195.   12.],[ 210.   14.],[ 225.   14.],[ 240.   13.],[ 255.   13.],[ 270.   13.],[ 285.   12.],[ 300.   12.],[ 315.   12.],[ 330.   13.],[ 345.   13.],
[  0.  17.],[ 15.  16.],[ 30.  16.],[ 45.  16.],[ 60.  15.],[ 75.  15.],[ 90.  16.],[ 105.   16.],[ 120.   14.],[ 135.   13.],[ 150.   14.],[ 165.   14.],[ 180.   14.],[ 195.   14.],[ 210.   14.],[ 225.   13.],[ 240.   12.],[ 255.   12.],[ 270.   14.],[ 285.   14.],[ 300.   13.],[ 315.   12.],[ 330.   12.],[ 345.   12.],
[  0.  16.],[ 15.  16.],[ 30.  17.],[ 45.  17.],[ 60.  16.],[ 75.  15.],[ 90.  15.],[ 105.   15.],[ 120.   14.],[ 135.   15.],[ 150.   16.],[ 165.   15.],[ 180.   13.],[ 195.   13.],[ 210.   14.],[ 225.   14.],[ 240.   13.],[ 255.   13.],[ 270.   13.],[ 285.   12.],[ 300.   11.],[ 315.   12.],[ 330.   13.],[ 345.   13.],
[  0.  17.],[ 15.  16.],[ 30.  17.],[ 45.  16.],[ 60.  15.],[ 75.  16.],[ 90.  17.],[ 105.   17.],[ 120.   15.],[ 135.   14.],[ 150.   14.],[ 165.   14.],[ 180.   14.],[ 195.   14.],[ 210.   15.],[ 225.   14.],[ 240.   12.],[ 255.   12.],[ 270.   13.],[ 285.   13.],[ 300.   13.],[ 315.   12.],[ 330.   12.],[ 345.   12.],
[  0.  16.],[ 15.  16.],[ 30.  17.],[ 45.  17.],[ 60.  16.],[ 75.  15.],[ 90.  15.],[ 105.   15.],[ 120.   14.],[ 135.   15.],[ 150.   16.],[ 165.   15.],[ 180.   14.],[ 195.   13.],[ 210.   13.],[ 225.   13.],[ 240.   13.],[ 255.   13.],[ 270.   14.],[ 285.   13.],[ 300.   12.],[ 315.   12.],[ 330.   13.],[ 345.   13.],
[  0.  18.],[ 15.  17.],[ 30.  17.],[ 45.  16.],[ 60.  15.],[ 75.  15.],[ 90.  16.],[ 105.   16.],[ 120.   15.],[ 135.   14.],[ 150.   14.],[ 165.   14.],[ 180.   14.],[ 195.   14.],[ 210.   15.],[ 225.   14.],[ 240.   13.],[ 255.   12.],[ 270.   13.],[ 285.   14.],[ 300.   13.],[ 315.   13.],[ 330.   13.],[ 345.   12.],
[  0.  17.],[ 15.  16.],[ 30.  17.],[ 45.  17.],[ 60.  17.],[ 75.  16.],[ 90.  16.],[ 105.   15.],[ 120.   14.],[ 135.   15.],[ 150.   16.],[ 165.   16.],[ 180.   15.],[ 195.   14.],[ 210.   13.],[ 225.   14.],[ 240.   14.],[ 255.   14.],[ 270.   14.],[ 285.   14.],[ 300.   12.],[ 315.   12.],[ 330.   13.],[ 345.   14.],
[  0.  18.],[ 15.  17.],[ 30.  18.],[ 45.  17.],[ 60.  15.],[ 75.  15.],[ 90.  16.],[ 105.   17.],[ 120.   16.],[ 135.   15.],[ 150.   15.],[ 165.   14.],[ 180.   14.],[ 195.   15.],[ 210.   16.],[ 225.   15.],[ 240.   14.],[ 255.   13.],[ 270.   12.],[ 285.   13.],[ 300.   12.],[ 315.   13.],[ 330.   12.],[ 345.   12.],
[  0.  17.],[ 15.  16.],[ 30.  16.],[ 45.  17.],[ 60.  17.],[ 75.  17.],[ 90.  16.],[ 105.   15.],[ 120.   14.],[ 135.   14.],[ 150.   15.],[ 165.   15.],[ 180.   14.],[ 195.   14.],[ 210.   14.],[ 225.   13.],[ 240.   13.],[ 255.   14.],[ 270.   14.],[ 285.   13.],[ 300.   12.],[ 315.   11.],[ 330.   12.],[ 345.   12.],
[  0.  17.],[ 15.  17.],[ 30.  17.],[ 45.  17.],[ 60.  15.],[ 75.  15.],[ 90.  15.],[ 105.   15.],[ 120.   15.],[ 135.   15.],[ 150.   15.],[ 165.   14.],[ 180.   13.],[ 195.   14.],[ 210.   15.],[ 225.   15.],[ 240.   13.],[ 255.   12.],[ 270.   12.],[ 285.   12.],[ 300.   12.],[ 315.   12.],[ 330.   12.],[ 345.   12.],
[  0.  17.],[ 15.  15.],[ 30.  16.],[ 45.  16.],[ 60.  15.],[ 75.  16.],[ 90.  16.],[ 105.   15.],[ 120.   14.],[ 135.   13.],[ 150.   15.],[ 165.   15.],[ 180.   14.],[ 195.   14.],[ 210.   14.],[ 225.   13.],[ 240.   12.],[ 255.   13.],[ 270.   14.],[ 285.   14.],[ 300.   12.],[ 315.   11.],[ 330.   12.],[ 345.   12.],
[  0.  16.],[ 15.  16.],[ 30.  17.],[ 45.  17.],[ 60.  15.],[ 75.  14.],[ 90.  14.],[ 105.   15.],[ 120.   15.],[ 135.   15.],[ 150.   15.],[ 165.   15.],[ 180.   13.],[ 195.   13.],[ 210.   14.],[ 225.   15.],[ 240.   14.],[ 255.   13.],[ 270.   13.],[ 285.   13.],[ 300.   12.],[ 315.   13.],[ 330.   14.],[ 345.   13.],
[  0.  18.],[ 15.  17.],[ 30.  16.],[ 45.  16.],[ 60.  15.],[ 75.  16.],[ 90.  17.],[ 105.   16.],[ 120.   15.],[ 135.   14.],[ 150.   15.],[ 165.   15.],[ 180.   15.],[ 195.   14.],[ 210.   14.],[ 225.   13.],[ 240.   12.],[ 255.   13.],[ 270.   14.],[ 285.   14.],[ 300.   13.],[ 315.   13.],[ 330.   13.],[ 345.   12.],
[  0.  17.],[ 15.  16.],[ 30.  17.],[ 45.  17.],[ 60.  16.],[ 75.  15.],[ 90.  15.],[ 105.   15.],[ 120.   14.],[ 135.   15.],[ 150.   16.],[ 165.   14.],[ 180.   13.],[ 195.   13.],[ 210.   13.],[ 225.   14.],[ 240.   13.],[ 255.   13.],[ 270.   13.],[ 285.   12.],[ 300.   11.],[ 315.   12.],[ 330.   13.],[ 345.   13.],
[  0.  18.],[ 15.  17.],[ 30.  17.],[ 45.  16.],[ 60.  15.],[ 75.  15.],[ 90.  16.],[ 105.   16.],[ 120.   15.],[ 135.   14.],[ 150.   14.],[ 165.   14.],[ 180.   14.],[ 195.   14.],[ 210.   15.],[ 225.   13.],[ 240.   11.],[ 255.   12.],[ 270.   13.],[ 285.   13.],[ 300.   13.],[ 315.   12.],[ 330.   12.],[ 345.   12.],
[  0.  15.],[ 15.  15.],[ 30.  16.],[ 45.  16.],[ 60.  16.],[ 75.  15.],[ 90.  15.],[ 105.   15.],[ 120.   14.],[ 135.   15.],[ 150.   16.],[ 165.   15.],[ 180.   14.],[ 195.   13.],[ 210.   13.],[ 225.   14.],[ 240.   14.],[ 255.   14.],[ 270.   14.],[ 285.   13.],[ 300.   11.],[ 315.   12.],[ 330.   13.],[ 345.   13.],
[  0.  17.],[ 15.  17.],[ 30.  17.],[ 45.  16.],[ 60.  15.],[ 75.  15.],[ 90.  16.],[ 105.   16.],[ 120.   15.],[ 135.   14.],[ 150.   14.],[ 165.   13.],[ 180.   13.],[ 195.   14.],[ 210.   15.],[ 225.   14.],[ 240.   12.],[ 255.   12.],[ 270.   13.],[ 285.   13.],[ 300.   13.],[ 315.   12.],[ 330.   13.],[ 345.   12.],
[  0.  16.],[ 15.  15.],[ 30.  16.],[ 45.  16.],[ 60.  16.],[ 75.  15.],[ 90.  15.],[ 105.   14.],[ 120.   13.],[ 135.   14.],[ 150.   15.],[ 165.   15.],[ 180.   13.],[ 195.   13.],[ 210.   13.],[ 225.   13.],[ 240.   12.],[ 255.   13.],[ 270.   13.],[ 285.   12.],[ 300.   10.],[ 315.   10.],[ 330.   11.],[ 345.   11.],
[  0.  14.],[ 15.  14.],[ 30.  15.],[ 45.  14.],[ 60.  12.],[ 75.  12.],[ 90.  13.],[ 105.   13.],[ 120.   12.],[ 135.   12.],[ 150.   11.],[ 165.   11.],[ 180.   10.],[ 195.   11.],[ 210.   12.],[ 225.   11.],[ 240.    9.],[ 255.    8.],[ 270.    9.],[ 285.    9.],[ 300.    8.],[ 315.    9.],[ 330.    9.],[ 345.    8.],
[  0.  11.],[ 15.  10.],[ 30.  10.],[ 45.  10.],[ 60.   9.],[ 75.  10.],[ 90.  10.],[ 105.    8.],[ 120.    7.],[ 135.    7.],[ 150.    8.],[ 165.    8.],[ 180.    7.],[ 195.    6.],[ 210.    6.],[ 225.    5.],[ 240.    5.],[ 255.    5.],[ 270.    6.],[ 285.    5.],[ 300.    4.],[ 315.    3.],[ 330.    4.],[ 345.    4.],
[ 0.  5.],[ 15.   5.],[ 30.   5.],[ 45.   4.],[ 60.   3.],[ 75.   2.],[ 90.   3.],[ 105.    3.],[ 120.    2.],[ 135.    2.],[ 150.    2.],[ 165.    1.],[ 180.    1.],[ 195.    1.],[ 210.    3.],[ 225.    3.],[ 240.    2.],[ 255.    2.],[ 270.    2.],[ 285.    2.],[ 300.    1.],[ 315.    2.],[ 330.    3.],[ 345.    2.],
[ 0.  1.],[ 15.   1.],[ 30.   1.],[ 45.   0.],[ 60.   0.],[ 75.   0.],[ 90.   1.],[ 105.    0.],[ 120.    0.],[ 135.    0.],[ 150.    1.],[ 165.    0.],[ 180.    0.],[ 195.    0.],[ 210.    0.],[ 225.    0.],[ 240.    0.],[ 255.    0.],[ 270.    0.],[ 285.    0.],[ 300.    0.],[ 315.    0.],[ 330.    0.],[ 345.    0.],
[ 0.  0.],[ 15.   0.],[ 30.   0.],[ 45.   0.],[ 60.   0.],[ 75.   0.],[ 90.   0.],[ 105.    0.],[ 120.    0.],[ 135.    0.],[ 150.    0.],[ 165.    0.],[ 180.    0.],[ 195.    0.],[ 210.    0.],[ 225.    0.],[ 240.    0.],[ 255.    0.],[ 270.    0.],[ 285.    0.],[ 300.    0.],[ 315.    0.],[ 330.    0.],[ 345.    0.],
[ 0.  0.],[ 15.   0.],[ 30.   0.],[ 45.   0.],[ 60.   0.],[ 75.   0.],[ 90.   0.],[ 105.    0.],[ 120.    0.],[ 135.    0.],[ 150.    0.],[ 165.    0.],[ 180.    0.],[ 195.    0.],[ 210.    0.],[ 225.    0.],[ 240.    0.],[ 255.    0.],[ 270.    0.],[ 285.    0.],[ 300.    0.],[ 315.    0.],[ 330.    0.],[ 345.    0.],
[ 0.  0.],[ 15.   0.],[ 30.   0.],[ 45.   0.],[ 60.   0.],[ 75.   0.],[ 90.   0.],[ 105.    0.],[ 120.    0.],[ 135.    0.],[ 150.    0.],[ 165.    0.],[ 180.    0.],[ 195.    0.],[ 210.    0.],[ 225.    0.],[ 240.    0.],[ 255.    0.],[ 270.    0.],[ 285.    0.],[ 300.    0.],[ 315.    0.],[ 330.    0.],[ 345.    0.],
[ 0.  0.],[ 15.   0.],[ 30.   0.],[ 45.   0.],[ 60.   0.],[ 75.   0.],[ 90.   0.],[ 105.    0.],[ 120.    0.],[ 135.    0.],[ 150.    0.],[ 165.    0.],[ 180.    0.],[ 195.    0.],[ 210.    1.],[ 225.    1.],[ 240.    0.],[ 255.    0.],[ 270.    0.],[ 285.    0.],[ 300.    0.],[ 315.    0.],[ 330.    1.],[ 345.    0.],
[ 0.  0.],[ 15.   0.],[ 30.   0.],[ 45.   0.],[ 60.   0.],[ 75.   0.],[ 90.   1.],[ 105.    0.],[ 120.    0.],[ 135.    0.],[ 150.    1.],[ 165.    0.],[ 180.    0.],[ 195.    0.],[ 210.    0.],[ 225.    0.],[ 240.    0.],[ 255.    0.],[ 270.    1.],[ 285.    1.],[ 300.    1.],[ 315.    0.],[ 330.    1.],[ 345.    1.],
[ 0.  3.],[ 15.   3.],[ 30.   4.],[ 45.   3.],[ 60.   2.],[ 75.   2.],[ 90.   2.],[ 105.    1.],[ 120.    1.],[ 135.    1.],[ 150.    2.],[ 165.    1.],[ 180.    0.],[ 195.    0.],[ 210.    0.],[ 225.    0.],[ 240.    0.],[ 255.    0.],[ 270.    0.],[ 285.    0.],[ 300.    0.],[ 315.    0.],[ 330.    1.],[ 345.    1.],
[ 0.  3.],[ 15.   2.],[ 30.   3.],[ 45.   2.],[ 60.   1.],[ 75.   2.],[ 90.   3.],[ 105.    4.],[ 120.    3.],[ 135.    3.],[ 150.    3.],[ 165.    3.],[ 180.    2.],[ 195.    3.],[ 210.    3.],[ 225.    3.],[ 240.    2.],[ 255.    2.],[ 270.    3.],[ 285.    3.],[ 300.    2.],[ 315.    2.],[ 330.    2.],[ 345.    2.],
[ 0.  3.],[ 15.   2.],[ 30.   3.],[ 45.   3.],[ 60.   3.],[ 75.   3.],[ 90.   4.],[ 105.    4.],[ 120.    3.],[ 135.    4.],[ 150.    5.],[ 165.    6.],[ 180.    5.],[ 195.    5.],[ 210.    6.],[ 225.    6.],[ 240.    5.],[ 255.    6.],[ 270.    8.],[ 285.    7.],[ 300.    6.],[ 315.    7.],[ 330.    8.],[ 345.    8.],
[  0.  13.],[ 15.  13.],[ 30.  14.],[ 45.  13.],[ 60.  11.],[ 75.  11.],[ 90.  11.],[ 105.   11.],[ 120.   10.],[ 135.   10.],[ 150.   11.],[ 165.   10.],[ 180.    9.],[ 195.   10.],[ 210.   10.],[ 225.   10.],[ 240.    9.],[ 255.    9.],[ 270.   10.],[ 285.   10.],[ 300.    9.],[ 315.    9.],[ 330.   10.],[ 345.    9.],
[  0.  11.],[ 15.  10.],[ 30.  11.],[ 45.  10.],[ 60.  10.],[ 75.  10.],[ 90.  10.],[ 105.    9.],[ 120.    7.],[ 135.    7.],[ 150.    8.],[ 165.    8.],[ 180.    7.],[ 195.    7.],[ 210.    7.],[ 225.    6.],[ 240.    6.],[ 255.    6.],[ 270.    7.],[ 285.    6.],[ 300.    5.],[ 315.    4.],[ 330.    5.],[ 345.    5.],
[ 0.  6.],[ 15.   6.],[ 30.   6.],[ 45.   6.],[ 60.   4.],[ 75.   3.],[ 90.   4.],[ 105.    4.],[ 120.    3.],[ 135.    3.],[ 150.    3.],[ 165.    3.],[ 180.    2.],[ 195.    2.],[ 210.    3.],[ 225.    3.],[ 240.    2.],[ 255.    2.],[ 270.    2.],[ 285.    2.],[ 300.    1.],[ 315.    2.],[ 330.    3.],[ 345.    2.],
[ 0.  3.],[ 15.   3.],[ 30.   3.],[ 45.   3.],[ 60.   3.],[ 75.   3.],[ 90.   4.],[ 105.    3.],[ 120.    2.],[ 135.    3.],[ 150.    4.],[ 165.    4.],[ 180.    3.],[ 195.    3.],[ 210.    4.],[ 225.    4.],[ 240.    3.],[ 255.    4.],[ 270.    5.],[ 285.    4.],[ 300.    3.],[ 315.    3.],[ 330.    4.],[ 345.    4.],
[ 0.  8.],[ 15.   8.],[ 30.   9.],[ 45.   9.],[ 60.   8.],[ 75.   7.],[ 90.   9.],[ 105.    9.],[ 120.    8.],[ 135.    8.],[ 150.    9.],[ 165.    8.],[ 180.    7.],[ 195.    8.],[ 210.    9.],[ 225.    9.],[ 240.    8.],[ 255.    8.],[ 270.    8.],[ 285.    8.],[ 300.    8.],[ 315.    8.],[ 330.    9.],[ 345.    9.],
[  0.  14.],[ 15.  14.],[ 30.  14.],[ 45.  14.],[ 60.  13.],[ 75.  14.],[ 90.  15.],[ 105.   14.],[ 120.   13.],[ 135.   12.],[ 150.   14.],[ 165.   14.],[ 180.   14.],[ 195.   14.],[ 210.   15.],[ 225.   14.],[ 240.   13.],[ 255.   14.],[ 270.   15.],[ 285.   15.],[ 300.   14.],[ 315.   14.],[ 330.   14.],[ 345.   14.],
[  0.  19.],[ 15.  18.],[ 30.  19.],[ 45.  19.],[ 60.  18.],[ 75.  17.],[ 90.  17.],[ 105.   17.],[ 120.   16.],[ 135.   17.],[ 150.   17.],[ 165.   17.],[ 180.   15.],[ 195.   15.],[ 210.   16.],[ 225.   16.],[ 240.   15.],[ 255.   15.],[ 270.   15.],[ 285.   14.],[ 300.   12.],[ 315.   13.],[ 330.   14.],[ 345.   13.],
[  0.  17.],[ 15.  16.],[ 30.  17.],[ 45.  16.],[ 60.  15.],[ 75.  15.],[ 90.  16.],[ 105.   15.],[ 120.   14.],[ 135.   13.],[ 150.   13.],[ 165.   13.],[ 180.   12.],[ 195.   12.],[ 210.   12.],[ 225.   11.],[ 240.   10.],[ 255.   10.],[ 270.   11.],[ 285.   11.],[ 300.   10.],[ 315.   10.],[ 330.   11.],[ 345.   10.],
[  0.  14.],[ 15.  14.],[ 30.  14.],[ 45.  15.],[ 60.  13.],[ 75.  13.],[ 90.  14.],[ 105.   13.],[ 120.   13.],[ 135.   13.],[ 150.   13.],[ 165.   12.],[ 180.   11.],[ 195.   11.],[ 210.   11.],[ 225.   11.],[ 240.   11.],[ 255.   11.],[ 270.   11.],[ 285.   10.],[ 300.    9.],[ 315.   10.],[ 330.   11.],[ 345.   11.],
[  0.  16.],[ 15.  15.],[ 30.  16.],[ 45.  15.],[ 60.  13.],[ 75.  13.],[ 90.  14.],[ 105.   14.],[ 120.   13.],[ 135.   13.],[ 150.   13.],[ 165.   12.],[ 180.   12.],[ 195.   12.],[ 210.   13.],[ 225.   12.],[ 240.   11.],[ 255.   11.],[ 270.   11.],[ 285.   12.],[ 300.   11.],[ 315.   11.],[ 330.   11.],[ 345.   11.],
[  0.  15.],[ 15.  14.],[ 30.  15.],[ 45.  15.],[ 60.  14.],[ 75.  13.],[ 90.  14.],[ 105.   13.],[ 120.   12.],[ 135.   12.],[ 150.   13.],[ 165.   12.],[ 180.   11.],[ 195.   11.],[ 210.   11.],[ 225.   11.],[ 240.   10.],[ 255.   10.],[ 270.   11.],[ 285.   10.],[ 300.    9.],[ 315.    9.],[ 330.   10.],[ 345.   10.],
[  0.  14.],[ 15.  14.],[ 30.  14.],[ 45.  14.],[ 60.  13.],[ 75.  12.],[ 90.  13.],[ 105.   13.],[ 120.   12.],[ 135.   12.],[ 150.   13.],[ 165.   12.],[ 180.   11.],[ 195.   11.],[ 210.   11.],[ 225.   11.],[ 240.   10.],[ 255.    9.],[ 270.   10.],[ 285.   10.],[ 300.   10.],[ 315.   10.],[ 330.   10.],[ 345.   10.],
[  0.  13.],[ 15.  13.],[ 30.  13.],[ 45.  13.],[ 60.  12.],[ 75.  12.],[ 90.  12.],[ 105.   12.],[ 120.   10.],[ 135.   11.],[ 150.   12.],[ 165.   11.],[ 180.   10.],[ 195.   10.],[ 210.   10.],[ 225.   10.],[ 240.    9.],[ 255.   10.],[ 270.   11.],[ 285.   10.],[ 300.    9.],[ 315.    9.],[ 330.    9.],[ 345.    9.],
[  0.  14.],[ 15.  14.],[ 30.  14.],[ 45.  14.],[ 60.  12.],[ 75.  12.],[ 90.  13.],[ 105.   13.],[ 120.   12.],[ 135.   12.],[ 150.   12.],[ 165.   11.],[ 180.   10.],[ 195.   10.],[ 210.   12.],[ 225.   11.],[ 240.   10.],[ 255.   10.],[ 270.   10.],[ 285.   10.],[ 300.    9.],[ 315.   10.],[ 330.   10.],[ 345.   10.],
[  0.  14.],[ 15.  14.],[ 30.  14.],[ 45.  13.],[ 60.  13.],[ 75.  13.],[ 90.  14.],[ 105.   13.],[ 120.   12.],[ 135.   12.],[ 150.   13.],[ 165.   13.],[ 180.   12.],[ 195.   12.],[ 210.   12.],[ 225.   11.],[ 240.   11.],[ 255.   12.],[ 270.   13.],[ 285.   12.],[ 300.   11.],[ 315.   11.],[ 330.   12.],[ 345.   12.],
[  0.  16.],[ 15.  17.],[ 30.  17.],[ 45.  17.],[ 60.  16.],[ 75.  16.],[ 90.  16.],[ 105.   16.],[ 120.   16.],[ 135.   16.],[ 150.   16.],[ 165.   16.],[ 180.   15.],[ 195.   15.],[ 210.   16.],[ 225.   16.],[ 240.   15.],[ 255.   15.],[ 270.   16.],[ 285.   15.],[ 300.   15.],[ 315.   16.],[ 330.   17.],[ 345.   17.],
[  0.  22.],[ 15.  21.],[ 30.  21.],[ 45.  21.],[ 60.  20.],[ 75.  21.],[ 90.  21.],[ 105.   21.],[ 120.   20.],[ 135.   20.],[ 150.   20.],[ 165.   21.],[ 180.   20.],[ 195.   20.],[ 210.   21.],[ 225.   20.],[ 240.   19.],[ 255.   20.],[ 270.   21.],[ 285.   21.],[ 300.   20.],[ 315.   19.],[ 330.   20.],[ 345.   19.],
[  0.  25.],[ 15.  25.],[ 30.  26.],[ 45.  26.],[ 60.  25.],[ 75.  24.],[ 90.  24.],[ 105.   24.],[ 120.   23.],[ 135.   23.],[ 150.   24.],[ 165.   23.],[ 180.   21.],[ 195.   20.],[ 210.   21.],[ 225.   20.],[ 240.   19.],[ 255.   19.],[ 270.   18.],[ 285.   17.],[ 300.   16.],[ 315.   15.],[ 330.   16.],[ 345.   15.],
[  0.  18.],[ 15.  18.],[ 30.  18.],[ 45.  17.],[ 60.  16.],[ 75.  16.],[ 90.  17.],[ 105.   16.],[ 120.   15.],[ 135.   13.],[ 150.   13.],[ 165.   12.],[ 180.   11.],[ 195.   10.],[ 210.   10.],[ 225.    8.],[ 240.    6.],[ 255.    5.],[ 270.    5.],[ 285.    5.],[ 300.    3.],[ 315.    3.],[ 330.    3.],[ 345.    2.],
[ 0.  1.],[ 15.   1.],[ 30.   2.],[ 45.   1.],[ 60.   1.],[ 75.   1.],[ 90.   2.],[ 105.    1.],[ 120.    1.],[ 135.    2.],[ 150.    3.],[ 165.    2.],[ 180.    1.],[ 195.    1.],[ 210.    2.],[ 225.    2.],[ 240.    1.],[ 255.    2.],[ 270.    2.],[ 285.    1.],[ 300.    0.],[ 315.    0.],[ 330.    1.],[ 345.    1.],
